9.167029693292626 3.8547564775170917
16.964388878356417 19.970693522778923
1.0145756416440954 13.703197043171095
5.105768247138027 5.044430782166824
9.384452721951948 16.157576182096165
8.200601351732082 0.9283297730889539
0.4209275122883871 6.310888357023505
11.451836884860779 14.396074242353539
9.122413117640974 5.832488348450628
4.771862952866924 7.526898699070628
7.86928657460177 8.347565040404028
7.832740034337242 15.326552841745256
15.038317231868001 15.639465434389429
18.009749324318783 14.031034823944658
13.208711745347886 15.512881341433067
4.522086637819001 4.80806977534757
2.3436911648764025 9.441066171840093
17.01594438509249 6.418944703783451
12.335409343816313 3.530407574093113
14.901624409402324 17.3759839924727
1.4299463627952824 9.870838003767354
14.94773623933639 13.228603358580004
12.30299668312313 7.000720524518567
18.951935306547302 7.833522997065296
5.935797118104869 18.000004534360922
0.7490692479427019 8.812397401144276
4.944730223733174 2.635599413107268
2.3840001307441705 16.872758799902115
12.646954564798929 6.018075519945285
12.9677789592229 16.26583735973343
11.898319043537203 0.388951566114335
0.5522586927276807 19.377469853848105
8.618717065760622 18.942992266642435
17.299631006893964 2.2959730897106967
8.923952797973246 11.000087554546383
1.2897869857515487 0.17350919564826484
5.912090375419112 6.3764434290430145
14.499795588929898 1.2951253824077735
2.406166861676331 3.4649799377947232
5.8062200374979644 6.992310417122914
9.334055538052453 10.319968695276756
10.302374016154324 10.885567815497023
15.930170993925215 10.951121942558537
11.78904531140123 15.413151540234125
7.57261417951373 0.0674798393080267
3.988611775349291 6.200782234849682
9.823264964428368 8.671615595136634
7.848885344182584 5.549804097554221
3.1172307918737374 10.18982303334673
17.2444147447676 5.168907458059966
1.5519679287527177 12.23411413130072
1.3553042019545636 2.6270069838171106
9.947796599324523 2.064015765482159
19.865485138948955 9.980241496306196
3.4624614763265082 19.553691704379006
4.2352882702821715 18.903720634763157
14.526887305389732 11.590829467391634
10.576138927688557 7.8311174845437215
1.4891174779105354 11.234671138391333
18.887086411840198 13.483769025446641
5.529117778444967 10.768517328523235
16.86738442222248 10.154607606097326
11.08716075632271 2.0929433068431846
16.590347584745206 4.279050897004897
6.042214924865097 10.879183287609662
2.02004124781338 5.169932637211499
19.045729928125926 9.861707074395884
2.4812881892140504 1.3286969491695766
17.60762616440158 16.746678163464903
7.447362720032689 8.405249640364158
9.847691915621485 0.4356302586119276
1.38866498974616 19.664006199993416
5.267002737242801 15.61136094133852
3.9295661859820785 2.7238416461220893
15.460387938971913 0.2056949200639413
10.189520373647527 7.374792942086959
14.38236312740445 2.8664288571916985
18.93845271935325 18.4345329978821
9.595370989022381 18.2634215341654
12.075330870272152 4.8927783210451
0.8705621810341602 16.92144898309696
7.942739382350769 2.001961144175295
0.5777645689829325 3.2401095535494795
2.5847285341014925 6.872322326672418
6.534582125616271 0.13138588595795087
15.839052546585064 10.348007931167654
13.618942315958598 4.930226269904496
5.061609404529763 12.779941348042312
15.01658109255043 6.326564836198587
16.650267427642092 3.485545866920148
11.503342770010176 2.1022750856625727
2.4525491399084065 19.060341181823755
6.555748373968646 2.6141234685012504
10.11525502175919 10.822473664519395
16.7259265065326 18.06775617522743
4.115709881356205 4.07634930183619
12.786594527443512 16.84879221908991
3.4121876872805212 3.4787592506939746
13.49550672230065 4.5400217777850855
14.564818119716582 16.27063785173767
16.753964483782532 6.798188682397283
2.1394725734486264 13.545286482953554
2.881775803029565 18.000379050177578
7.252604341933228 1.4696694392895804
19.716259906877326 8.839446290442732
18.12318061002809 0.9344006783067305
18.586132945068854 15.479280260421364
17.621629204790437 4.2436274278644515
1.593014385445246 3.520052348733249
19.391112069052046 17.065623010188055
8.699700460798109 16.9962045469228
16.24535845518645 17.40008215303527
14.315755768914178 17.727627020145388
19.801176711765393 14.978248057360869
17.387380235606564 13.567107224640889
8.682689951554591 14.29716726977092
16.439918195371902 5.434800999224551
4.138231253555156 12.399525734026998
16.539753929665583 18.54566875902109
9.217935665425669 2.4931639727797594
13.988502769421915 7.084569008550703
11.869620070081853 19.76619823169896
15.129617735210045 7.11565972530088
15.774142144509716 7.741911205557743
2.282226915458321 12.943615215242039
11.58529500882369 4.1471191192829675
8.120512312974418 7.863296906044157
13.462132815372831 13.031827184025936
4.563209439834992 17.493410385208122
6.965000189126435 7.085127835905817
18.69932105621869 10.000342395443
11.019711106925932 12.492095175314136
1.2202234755501484 5.671341627854902
17.863132324169236 18.414825699514854
4.005175213631422 1.3846167626869343
10.693299905986597 11.61617920824188
19.43570704389198 13.77776608389722
19.513240810572157 18.02524133198132
14.759862151883123 8.809743856712448
6.629027161870081 4.473436737474521
0.800261462990377 2.889277544060642
11.08616343326883 17.915923317207056
18.185480933689288 13.490903962280703
15.696531029466678 13.703152129556761
15.192520836281837 19.492370672862208
15.79371536259212 7.0151961445204485
2.9063407996059065 10.976985303518745
17.207346838724664 14.240322061405701
8.842447077686346 8.737232517986373
16.378250630594128 11.674740882793548
6.631654763429737 13.758379619425895
12.740975255891072 13.504216189110094
6.6589101776586235 1.045849406535424
3.1102961559226117 7.345844503548474
2.9512743224845206 13.882428555831085
17.642162168780672 1.6557926337663886
4.5961574454820635 1.3821705461335831
13.73521623554235 15.18258836929462
6.720222608451389 9.636457952397642
12.862627772662151 9.31495173109085
2.0247355874734985 18.11659547912158
17.281676311870406 7.233156172497354
7.1590248731859525 4.6727614032005205
15.589260829741129 14.707493670119039
13.969485294775094 10.074794713175919
19.030289088017064 12.16403696285905
13.69791147285229 7.9265883616507615
12.55340404428176 18.494944744575868
9.015893147610065 8.119225532507864
12.282397833995757 6.293073872034047
12.619358571045227 11.190090200742397
2.9688443297705924 17.40965755358597
1.917753585022255 6.394811943627337
8.69008719128596 6.6891124787046135
6.683883305892091 1.9914781351983302
7.513729587931817 18.427437553574087
2.003861497076227 2.5289209094210996
10.945760658444414 3.009346262552537
16.92365873980907 12.879289876989052
13.154509886128418 19.49758762147563
19.636913225050982 7.347935268855565
5.496111589537467 18.223307950822342
13.895956398188627 18.646829428877002
8.883274557299485 9.896714642144781
10.445474847645306 18.437254652215994
0.8181911633329864 3.559869659473136
7.427859825851028 5.874905922782787
18.498662620231126 0.7108273653207897
10.408627774541738 15.046547624904807
4.216886225242695 11.121331779125263
0.17062977859757078 8.01707827971208
6.4473239055150895 8.021421331775095
0.42892450517325376 14.85151166873039
4.524823234950571 5.190239440902404
0.9514253170478448 4.755630985257035
7.256187730574412 11.252154295240931
5.922748086329783 11.405442991873183
5.3272688813925395 5.728704479558027
17.559115671334368 9.474817371467498
15.342585260346127 5.566874181827302
4.214930612764503 8.62340777539185
9.004473142280137 4.381465393105072
16.36057098435333 16.044313094091812
4.257259280819417 13.816943535208395
1.2862626576593317 14.179819435367108
8.013599059459004 3.0128788717443578
18.670178556552322 3.191019796625021
4.834251219178087 14.758241762423264
6.103332878547407 12.988807697736151
14.16181603248072 6.2079824868835365
12.734132295176563 9.704547376506955
11.00561472774081 10.489522437733408
4.503414412837987 8.192433446867541
18.79896742028961 9.647948828796046
9.53907343172424 13.9887935018537
3.3357463818690714 8.770876069588248
3.5285532440941303 17.332389696456033
3.0580846658093463 1.0963451841787175
6.37764908160289 15.466196828591984
0.5655776907472676 12.101156401772537
6.277114421043382 18.706963556682098
18.73610611971628 19.07503797963158
13.823333422586717 11.489830104354443
6.224139224420167 16.82189240347348
18.247967807135556 9.651761393892057
10.549827798409465 8.72854482863113
15.79415576641001 16.394337394834718
2.4988840786901245 5.630016647936767
6.25534031777466 10.377400362024007
17.787978810344143 7.930978174468645
14.454356810370694 3.188906371607292
12.251215559677979 15.869252534813473
13.804236411132733 3.267752964144275
7.927013499479008 18.946836087356097
2.8353264660411526 2.405795395259225
0.8898163203363763 17.280456973726817
17.514638261469866 11.305167698610251
7.638989484199601 9.30080311081856
0.315731486920261 0.9338846702778425
6.969830313209597 7.66558140103043
6.229788963142832 14.875175342105798
18.564996744947877 18.49246167567903
5.775430643401849 12.094777443974838
15.036018938308192 8.235419927412782
8.872287319082112 17.684290307124467
5.809053876459609 3.003374765297513
15.57990520254612 3.1003974024334413
15.753047068972961 6.3968645355005815
18.280786968574642 4.842039253420827
19.826615871941517 19.61446746804675
18.793465690945755 19.82425147633482
8.718422794280256 2.198348536419623
10.804422631010498 5.195420774937074
10.582121329101867 14.416335410262679
11.0232000155189 0.9465793128414446
16.69883248799066 12.51076558886684
1.8192852171045915 9.241880453229466
7.041451922346056 19.71365439166196
16.53844560036824 5.888319602555512
19.879392413427617 10.879110443658664
3.7639086871014937 10.259843477924456
11.434299127349748 8.799979891265037
4.899266382236293 1.3728429258562214
14.09031734219537 11.976772275316138
0.7930942341922931 13.073829745936589
16.07885598215406 15.034692422763506
15.150867570485447 18.51779716613551
8.770720923476784 14.9320388884731
18.579116095025487 10.868853018039673
17.09831282530344 19.3609758200355
4.32721775430818 3.678983811826113
5.252871678241499 3.8141326732188796
8.039536938789478 17.924857368626355
6.903369189738811 16.657187998058944
13.383231013924249 17.876410261117595
3.7817890292811263 9.558218882290163
13.579641108108332 14.068936613947209
11.87338085385733 7.844067969040531
16.232800273588296 6.791499772454843
13.000796842378687 0.37931338960198957
10.884328058066101 18.603998204847418
13.527195472694693 9.648913980323963
8.49589545228056 13.459927978777813
13.983516804625582 19.600294439665912
5.351776879423293 3.290979467312536
18.87586751062448 17.58043397099548
3.4334959166799717 12.758967759022223
12.354541996644652 14.797104295039736
10.004566038727729 19.863124999528075
13.746907483273889 2.523542022907719
9.094153713967028 0.05146911886325434
2.928715468082206 12.150821086834343
8.533719637758992 3.560473108706854
19.76025466008617 2.393334709144148
19.445385861491005 6.629278976180242
1.2498474605946286 12.912450216558064
18.77513250272468 9.002344752108819
19.886239225352902 13.342808577532768
9.004606075493886 0.8543140099062763
11.237973814235012 13.034666112599112
18.685554489753283 5.296775850672946
8.171623124172163 4.259861820830153
18.242866479358938 17.64901317703407
17.705719638800666 0.6732777474231311
1.558026419812879 1.8578623077867018
12.438868079187412 8.32531209958088
4.09975015079715 15.067264065624688
17.396401592123894 0.8650816113291437
9.580813817014459 5.228055122481445
12.988217063162734 5.45222159275421
7.804934499000118 16.352435000374022
12.662457797262018 1.8390718204571521
15.95455335967959 8.491375237173372
4.019681670904847 0.18753659874632733
14.451863315990819 10.618296706619581
9.838338176960518 2.879303217564364
14.597457339618064 19.858949427187497
12.715640522395546 1.085421916439433
3.1923677426005814 2.84896593604983
5.703035019894173 2.101231949481206
15.683186804535703 3.6296330928738163
5.804052866936333 16.251899532517427
0.9315228278133136 6.354073380853446
12.26647642311876 19.211304774973136
7.726632077362485 11.481110668787416
6.2148039411127005 6.749417704171707
4.854507401870416 11.60749048358457
15.537668970034414 7.081896981725963
10.712513275579239 19.37424166017089
9.004466499051551 11.95789586563886
16.80004484482148 15.016241858161903
12.52592988995692 10.281778144530891
9.23482517161182 11.864206265413609
17.130843347005364 11.225792471029658
12.390053622596167 3.754006145567328
4.4802323444219265 19.777431108883828
7.712207758541871 14.28137168652016
5.998599715238068 14.084779938195055
1.7179224852935948 1.4602234292812044
16.4545659972809 9.376800976159544
5.818210472459069 7.90695260231012
3.1039105270312373 15.977817327720825
16.76747904360703 15.650616870152156
8.460229366665224 5.200386893209005
4.928647690620666 2.9573360115744296
18.972827342847737 16.169542551502836
15.09332791828754 18.95566043876664
7.750243658320459 0.6411738495452779
2.8949739242799 10.658187713797119
7.584191953632904 19.72130385440886
11.370975330805607 0.11263212675849177
10.510258105516549 16.545720085716017
11.127543401960377 16.216401152059106
5.156118314380245 13.318095477139702
16.00430142817325 0.7858954031345222
0.4206740056142655 5.595075086272631
9.303856335542637 16.898986028351565
5.795327723502838 14.87352147806151
16.156949824669574 3.4845409494915325
13.340972343669787 2.9267992450588154
19.573306227292868 11.932576141260036
11.911104435775087 6.6237458530388444
2.0957262788579856 0.6613719815434527
10.506800163191969 13.243426890722208
19.553445189684176 6.172899416538269
17.76524250398034 1.2451874352167391
17.09714728929258 16.832115435051033
3.360333041721828 6.148805059173039
14.939331241256333 11.28974418265458
9.507430849498071 9.407538827081769
3.4890187279693596 13.883890887723911
3.413450593518925 14.881023203190335
5.116448599729302 16.45784083056812
2.420812627862101 4.403707921813167
15.461519619962056 4.215864486182643
11.919449901205963 2.9219909251837928
19.04370089044056 11.491063007312599
13.627291584839273 12.0521256144133
9.734039813223736 12.739319991659068
0.4645843300875363 0.04184734618211339
6.09933826595319 9.045536203933068
14.112496782084907 16.992062680772836
13.182901638344509 3.9714883797862566
12.0660943647366 16.4282768026167
0.41033192344613 18.40400898279345
19.497358519252376 18.826133538338194
11.525775816502017 3.29836745156328
8.023958980146741 2.621099142206791
13.958252626970078 10.685298484797777
3.4006764957415836 1.8667612346774476
7.809898474081791 14.892424002397192
3.847040530365453 3.48941360185268
3.307314378640933 19.7355746266922
19.017192221418938 9.300290635399671
14.987752395869462 2.6560005888917404
0.42831702042220643 10.112654364157565
18.865266492438618 7.0634695567643675
1.9795462159781163 8.13308723389075
2.9647124247165757 5.7972252832076006
15.42126389700755 14.175228542740662
10.277852447995016 4.5780741318766545
0.8344405111065512 6.4273766485289086
10.417631478198999 17.72389550833011
4.9839119480325 10.3866259693372
2.435357016710089 1.6597882378167483
4.664677263287738 5.841763886177132
8.289737973978282 11.857623149110847
2.97975154893404 1.5830369888227658
2.14598041225313 13.963931289407462
9.529231060178677 15.010913933155294
3.4604707622561004 17.84139553856732
17.38276944886001 11.826124290168401
9.103054753656078 15.667570106864696
18.766612403715225 6.21482901663617
7.193009935549433 10.092960361651965
15.522123318681286 19.243303326594788
0.640649259377073 6.588427129738643
16.00732044609626 12.418481121602856
0.24035495515921212 16.272115977367143
3.1368947894087285 9.474986560770361
2.960019923331405 5.250029280005406
16.178710189635133 14.116656151142069
8.155412695136008 9.027702800399194
0.9289135321834485 15.449391634617642
18.104601676516857 6.446563575560685
14.478198691608357 3.4998365776910356
3.1983339666195043 15.34378041965108
16.028387685704747 1.4112012375945904
12.80046660909056 5.009025365651187
0.23577065611045 2.0495313024968054
2.3079629771952503 9.91617132997791
12.22268185824398 16.857654409224097
9.933614792112987 8.113564017270205
18.478869648210296 5.8827728662800265
1.6732568233898615 13.475962165624058
4.113629646880983 18.56686528933038
13.036896060784041 8.308621943703967
11.913683472406815 14.120746364617142
4.078284795497764 1.918537032086527
6.72039446553603 3.347384995524514
10.764175624924334 8.48515841181477
5.49198069888045 8.502366913060602
11.824704497209098 11.711407798243087
14.118101460221204 1.8834931484335349
7.583010344702387 5.353440471168696
19.964764143858073 14.057810425364796
4.560745443372678 0.7523213373231563
18.859495639130902 2.364495704559124
10.272702966820589 1.065285406181835
2.6370268652191786 0.39463306021910505
7.579975915512009 15.590214320626337
5.526591498754532 12.829474832137354
16.727055354981786 8.670227916298668
15.845343572694723 11.68140155084515
16.451952032091 2.4469761225177233
5.242222874624993 13.695885361667553
10.485979146880918 5.84853521890623
4.492251440464495 18.160021451750026
6.152905374949668 3.8460585411493153
14.840541736149287 2.9949769561961115
0.4519087728190119 8.564803132635694
4.490784290592704 10.0821137749193
15.246609992415465 12.71535601494741
1.6194251312584984 16.365500398517515
7.964208290541038 16.818467752839574
12.839485752411843 2.6788789142087888
13.5114582976612 5.22554994558446
9.348012216390675 1.5428727962724254
10.971806556087893 6.996839330497626
19.29431373068922 4.507950342772253
14.338422843861803 5.370584470198514
18.183359354207703 5.39085856532552
7.150586392673059 3.239733136707408
5.27097977654297 9.949210713234963
4.981022617775077 7.899722058903851
8.579422517059506 11.892705803117858
18.032699988428874 3.5097111272241843
15.864697554793072 1.9261515515904026
19.57180057434576 0.5927180077293537
9.787948223326875 13.552856817250149
15.144751847112927 10.790496949263238
0.9949759760893162 9.350241499994743
3.3058797367601556 4.268882664907878
18.85677775767436 12.785428501228001
2.1938781380073613 14.888872800077637
10.911009526684651 1.8276352367021276
4.2843019357396495 4.449513532210725
15.332720705576179 12.407934884073644
1.2021641790862203 4.086867445287701
17.79037720514942 12.651402084709575
1.148538784251838 8.268147566960394
1.160345755304919 17.7980898264567
2.468817850306393 8.807500972383673
11.796235830408705 10.682816912953477
9.566090867265792 10.246052025314736
19.96630612595976 2.762243857102966
10.008144206572682 11.629674821777217
0.4056428375872656 10.49496841373109
16.796400486353484 12.074563740725061
14.44583847769481 7.755959740640208