500
20
10
0.3
0.005927566204888706
0.16645729112815763
0.038284943476226616
0.05353446530461333
0.09873249455975272
0.29160330956588404
0.043212937833202104
0.2870772653625401
0.20784781761314083
0.20862764626249994
0.05077051838323587
0.10066345876928061
0.3148255023245953
0.3232723614436305
0.3708878911706217
0.02571300694014174
0.09998540212632688
0.371325392083274
0.14106760128620627
0.267924686419784
0.20134147851114198
0.33042498798006836
0.2963329163434601
0.3933658788470363
0.10482333628534822
0.1589010492736419
0.09221127093489281
0.177575189324403
0.18864846631129792
0.371233399839264
0.03706732586125917
0.19675269539565146
0.25634607922503266
0.39498572209467575
0.38182432286661044
0.3835942265412085
0.24598512814123064
0.3620080680035699
0.4107420866219835
0.3239635784404444
0.12261729840407802
0.042292062051156626
0.1764559944056152
0.3843906801845589
0.09680965971454265
0.23210978843696373
0.02592405129845674
0.15933384818633206
0.13941264772446094
0.3089705463108188
0.42127741182894196
0.41125060571122574
0.3313853521946273
0.1644895942134121
0.09582475978091862
0.09578453339280409
0.27258335198103667
0.0724784023752519
6.22155363132959E-4
0.29379424318120045
0.17490361615753816
0.09343837875857651
0.016087200798765928
0.31152590618230197
0.1080762855044136
0.3331680117774329
0.2511100542748307
0.28496228813899244
0.10069513068810583
0.2873783170911978
0.10399377976893957
0.10926872056342236
0.3247864117672528
0.24105187415085694
0.0653425792211984
0.3343006777070304
0.1593299978370642
0.27577819886572036
0.3777087595006486
0.0973375187130712
0.08666737631147019
0.07045123993045682
0.05540817527740489
0.35456363037353844
0.3006576575903262
0.2855245352812226
0.08541845463535677
0.2483307569575503
0.2967759329431829
0.2734852935409849
0.3516856906518533
0.3079043755568162
0.14708736441575154
0.1083306771515888
0.25048252561414247
0.15222203000129253
0.23717611904625022
0.2996081188264199
0.09368426667186956
0.31917310560600226
0.03265990770912212
0.20201576503752994
0.1299595232249899
0.237047116844755
0.2998788314627809
0.12465023674766713
0.4009079422119287
0.28009169081464597
0.12871157669396247
0.1597357265699128
0.2651201086845406
0.2865713074305017
0.24524267762699825
0.31407198193357905
0.39298324631872833
0.21432476926958374
0.10818082727565102
0.41249819569544904
0.2588111414713229
0.1905815339696905
0.38051186422822264
0.37638555561001474
0.15953812403359408
0.2297165462891566
0.2068587558988537
0.3865435341427386
0.3457839237056261
0.31969783881742014
0.4074168429310205
0.3689529613285288
0.03657034567315296
0.26521308309759367
0.39613398040107806
0.04342387733717206
0.20334994211838497
0.29784874401360967
0.14401359892165314
0.19961667051889695
0.10229381739818454
0.371239380991126
0.013032687763234645
0.3618622299043433
0.03097726024488193
0.15180504485837723
0.05718726064441788
0.09887020212159231
0.08670104149298456
0.24355096148023886
0.2996047938981487
0.12672377047773598
0.10869105704397161
0.27341650081018365
0.0734958753325556
0.31852561214976666
0.42032986236694114
0.2368293531580174
0.08495680122058849
0.09668124212498569
0.2503913220862827
0.1364460062391458
0.3422801395247036
0.34408480828462695
0.15397304751784938
0.2405411002835826
0.024482283307269304
0.2284065216120503
0.24945123834356575
0.06614583781715971
0.08121478667921517
0.13927192917401168
0.33731875397325073
0.13082980199197272
0.3170906995507784
0.3913704686408604
0.39520937355002794
0.26597033625596783
0.09072753190471021
0.09743361170965018
0.3007602552920038
0.09346062929513688
0.3024853392895151
0.23858297412245963
0.3952189926795473
0.33706969833722983
0.1799612410877138
0.3057643004574988
0.3158632171296284
0.06908704094068038
0.3717911964789878
0.379855273789744
0.24436785632985802
0.08245941110305267
0.27820515160632275
0.2595636600038926
0.4162287792892486
0.22835899646768096
0.3560835268891139
0.31041660137014987
0.3132316750652454
0.369009722332828
0.08697099873406439
0.2699829309087278
0.14174072276218821
0.2406424033586979
0.13861787306037826
0.12896718745896132
0.1592745560103702
0.37664985966514825
0.30913966910059926
0.38996755918063875
0.25043502717749433
0.30636916945671966
0.26781241349788987
0.010499580152187887
0.34575974157312944
0.42043138932415164
0.09785430180986379
0.014352803806022415
0.32348005599998564
0.2292875373827337
0.029283221846897387
0.0054704360720371934
0.18448383409681882
0.08734533498066266
0.34908558840867127
0.1413195857504439
0.32000574139253213
0.1361321006211346
0.31648347301911745
0.2931547040134883
0.14969793614586954
0.23603748253894227
0.0430449738180913
0.18866759644745465
0.21976990792076354
0.1824830735142606
0.045747204178914216
0.4232642706825712
0.3918288210630079
0.0888165768748262
0.1458716582459736
0.06461248271731307
0.07290015451336522
0.08983445865352663
0.04278844907040717
0.01116310791523891
0.06086354133663235
0.30159973182167304
0.36426908636045224
0.024064483944773684
0.3321995130185771
0.3151404464211853
0.38395651508588147
0.05826099401393426
0.1305107002436415
0.05368974993041063
0.07701676357935824
0.2975951896330872
0.32475412227973915
0.385359699669675
0.23179829438600189
0.3504177060983831
0.1955016518141559
0.10552880312646899
0.4235331459188147
0.03654970766796433
0.05083132289380848
0.23576710844583074
0.38572819798189045
0.3934398859340838
0.2206450034087136
0.07882303463052752
0.3859154084244784
0.3240112185588314
0.4043062944153104
0.2970523479307443
0.37485666425300684
0.4010024603025407
0.051497518130053446
0.41968258076331694
0.20713183546220462
0.3825748291780174
0.4151056813341069
0.007475004992863737
0.30127792897229116
0.2315767898782405
0.22776493385242183
0.06167158250089299
0.09429268538905099
0.016137913420481608
0.4204063264229491
0.0575956096916157
0.3233678721531476
0.22719741817692873
0.09679582458898638
0.036912682234126075
0.11217522538394598
0.17916388180319384
0.20257755461669813
0.18135225163372995
0.12489272695112798
0.363149597706683
0.38078173916208147
0.01464061043028847
0.05342880479142106
0.04812642493442157
0.3631051355186735
0.13850221568094637
0.3969794247704358
0.17390952504977755
0.032527126042976424
0.35284926582207693
0.3031356089272876
0.12609125836744833
0.007985307532573978
0.1646981870849181
0.3912483079776657
0.3269194018433978
0.270902060837615
0.254926947652397
0.14665312319099177
0.1926424739324164
0.07632714054077719
0.24671861570633305
0.15865910153327775
0.022029224888728428
0.31834122512157953
0.154424184764705
0.2759137626102209
0.14261035723648988
0.07515145230313615
0.2366216722336854
0.04487084011175759
0.22568751418488
0.06900239692097705
0.40734873457182225
0.20560775682593116
0.3883079442503594
0.31462460932752256
0.3748424082241985
0.31916652486058245
0.3302128282867329
0.37244761339129684
0.37763230752040244
0.11692483113878424
0.30623306584389787
0.16921550021566126
0.198502638377742
0.09524334886129736
0.15972824728469143
0.22396052247717435
0.4076634475916135
0.17778066279777566
0.11544320068644004
0.4215139394060796
0.2924530333728718
0.3334192622763253
0.22559070763689376
0.033862916280782224
0.34703122894960864
0.26970370064949306
0.20605994553793347
0.0016987924842137958
0.39681698917328695
0.09505657375246092
0.0403974166493189
0.2794439977532474
0.3188742087778366
0.18280830516331117
0.1176102175241449
0.0668940778149984
0.24105580863128218
0.40125352055600705
0.3559011706709001
0.24936543993324797
0.1594791855873804
0.021529882446373293
0.32316127290738694
0.42090138949842587
0.23082470746604788
0.4041044058491037
0.4214167383026538
0.42165567851980135
0.023024370861702424
0.2450478077723315
0.30645647012264077
0.15604687423792638
0.07013918360989091
0.010079283079659659
0.1655502751802861
0.22265664582874534
0.07461131749969595
0.022571973729030224
0.12550885842404272
0.05513100262765966
0.3076212841657052
0.25132380172692137
0.31033388413183655
0.020536231761582854
0.27598040607772295
0.3399186730136932
0.012359637071990861
0.14771954160589237
0.0018453184682574425
0.03193005821572755
0.33309724610536173
0.16322974633262313
0.09955412789814556
0.12505163514831397
0.31495854424036185
0.37126388941813393
0.38205245333121607
0.30747929739574753
0.2476584198357355
0.1769237295465288
0.23770300700948888
0.11651401897221612
0.36837305274976595
0.06878909434179005
0.26175391312981083
0.08740709624347025
0.3826658211409808
0.07244528501080306
0.40537832100332316
0.40492707569009134
0.08878363762862003
0.2361378610083628
0.09399210997366503
0.20599200500960743
0.24117344498574514
0.2881702925748151
0.19050656093440338
0.2089813318299316
0.11497194511051474
0.21300883074349208
0.2132793537902611
0.31401819197426617
0.18178128103889646
0.30431377454129827
0.23778983133361095
0.053596079718589075
0.2532590109092761
0.16827730360150545
0.1654836480638986
0.14941314619497373
0.41792306502527066
0.31971567258052
0.30780685517501866
0.24917280000811165
0.3381004872065641
0.011336888004067486
0.18318109755723008
0.10141095591143774
0.013133313432050778
0.28848531939254807
0.20955919957769809
0.30211859201179103
0.07679601669391915
0.3424501791631647
0.020244468591699087
0.014042144162700764
0.35637566670942816
0.07011794141023002
0.3608570419554449
0.16806508755772415
0.07801959594371778
0.11134678437368777
0.24068738704950807
0.3810006964409515
0.2827646626833485
0.3029463404289511
0.11218921588841387
0.11545881962443265
0.4201282089433037
0.20955710350603257
0.1130338065018457
0.41518919544121924
0.2862628671585931
0.31704121394916157
0.15097194192525173
0.32344875895359687
0.021455506570323506
0.22821996429570698
0.3927321651295698
0.3324927388956727
0.22718547393050767
0.13392325895123988
0.1093208084323989
0.16924682841311492
0.18104779701104773
0.36935247959590545
0.25638384800859226
0.4205824447243634
0.11859435501407406
0.10670037006333662
0.029740569190481275
0.2413871368040145
0.03954917039716077
0.2048204636772954
0.2828054082576251